#           x           0.2
#           y             0
#           z             0
#        Time
        0.005      0.744448
         0.01   -0.00440229
        0.015    0.00682514
         0.02   0.000151401
        0.025   0.000117892
         0.03  -0.000225636
        0.035  -3.41651e-05
         0.04  -5.29136e-05
        0.045  -1.79557e-05
         0.05  -2.48682e-05
        0.055  -2.81867e-05
         0.06  -3.07866e-05
        0.065  -3.21248e-05
         0.07  -3.29942e-05
        0.075  -2.23709e-05
         0.08  -2.35015e-05
        0.085  -2.45659e-05
         0.09   -1.7798e-05
        0.095  -1.84156e-05
          0.1  -1.91556e-05
        0.105  -1.91087e-05
         0.11  -1.88964e-05
        0.115  -1.51887e-05
         0.12  -1.53721e-05
        0.125  -1.55194e-05
         0.13  -1.54518e-05
        0.135  -1.33731e-05
         0.14   -1.3483e-05
        0.145  -1.34443e-05
         0.15   -1.1847e-05
        0.155  -1.19707e-05
         0.16  -1.18562e-05
        0.165  -1.07353e-05
         0.17  -1.08141e-05
        0.175  -1.06643e-05
         0.18  -9.33596e-06
        0.185  -9.42183e-06
         0.19  -9.34198e-06
        0.195   -9.1672e-06
          0.2  -9.08167e-06
        0.205   -7.6833e-06
         0.21  -7.76385e-06
        0.215  -7.66226e-06
         0.22  -7.70105e-06
        0.225  -7.66491e-06
         0.23  -7.48871e-06
        0.235  -6.69824e-06
         0.24  -6.74648e-06
        0.245   -6.6723e-06
         0.25  -6.54178e-06
        0.255  -6.44055e-06
         0.26  -5.47341e-06
        0.265  -5.51917e-06
         0.27  -6.05801e-06
        0.275  -6.05573e-06
         0.28  -4.98256e-06
        0.285  -5.00203e-06
         0.29  -5.45637e-06
        0.295  -5.33762e-06
          0.3  -4.67933e-06
        0.305    -4.629e-06
         0.31   -4.6211e-06
        0.315  -4.59415e-06
         0.32  -4.56561e-06
        0.325  -4.55164e-06
         0.33  -4.50046e-06
        0.335  -4.12447e-06
         0.34  -4.15645e-06
        0.345  -4.11285e-06
         0.35  -4.05465e-06
        0.355  -4.00824e-06
         0.36  -3.64602e-06
        0.365  -3.66889e-06
         0.37  -3.62171e-06
        0.375  -3.64206e-06
         0.38  -3.62302e-06
        0.385  -3.63342e-06
         0.39   -3.5888e-06
        0.395  -3.54877e-06
          0.4  -3.22077e-06
        0.405  -3.23688e-06
         0.41   -3.2021e-06
        0.415  -3.21467e-06
         0.42    -3.196e-06
        0.425   -3.2043e-06
         0.43  -3.16769e-06
        0.435   -3.1386e-06
         0.44  -2.92828e-06
        0.445  -2.94126e-06
         0.45  -2.90308e-06
        0.455  -2.89092e-06
         0.46  -2.87677e-06
        0.465    -2.853e-06
         0.47  -2.83248e-06
        0.475  -2.80202e-06
         0.48  -2.76962e-06
        0.485  -2.55723e-06
         0.49  -2.56332e-06
        0.495  -2.72079e-06
          0.5  -2.70513e-06
        0.505  -2.45837e-06
         0.51  -2.46619e-06
        0.515  -2.58031e-06
         0.52  -2.57025e-06
        0.525  -2.36936e-06
         0.53  -2.37637e-06
        0.535  -2.35447e-06
         0.54  -2.35872e-06
        0.545   -2.4641e-06
         0.55  -2.33963e-06
        0.555  -2.32453e-06
         0.56  -2.29671e-06
        0.565  -2.26964e-06
         0.57  -2.22981e-06
        0.575  -2.21769e-06
         0.58  -2.17357e-06
        0.585   -2.1617e-06
         0.59  -2.12885e-06
        0.595  -2.10588e-06
          0.6  -2.08362e-06
        0.605  -2.06065e-06
         0.61  -2.04011e-06
        0.615  -2.02028e-06
         0.62  -2.00158e-06
        0.625  -1.98376e-06
         0.63  -1.96664e-06
        0.635   -1.9503e-06
         0.64  -1.93425e-06
        0.645  -1.91817e-06
         0.65  -1.90213e-06
        0.655  -1.88571e-06
         0.66  -1.86905e-06
        0.665  -1.85195e-06
         0.67  -1.83458e-06
        0.675  -1.81698e-06
         0.68    -1.799e-06
        0.685  -1.78108e-06
         0.69  -1.76324e-06
        0.695  -1.74557e-06
          0.7  -1.72811e-06
        0.705  -1.71126e-06
         0.71  -1.69481e-06
        0.715  -1.67889e-06
         0.72  -1.66356e-06
        0.725  -1.64902e-06
         0.73  -1.63425e-06
        0.735  -1.62431e-06
         0.74  -1.60773e-06
        0.745  -1.60083e-06
         0.75  -1.58293e-06
        0.755  -1.57577e-06
         0.76  -1.55773e-06
        0.765  -1.54966e-06
         0.77  -1.53165e-06
        0.775  -1.52186e-06
         0.78  -1.50597e-06
        0.785  -1.49225e-06
         0.79  -1.48203e-06
        0.795  -1.46601e-06
          0.8  -1.45748e-06
        0.805  -1.44174e-06
         0.81  -1.43489e-06
        0.815  -1.42698e-06
         0.82  -1.40969e-06
        0.825  -1.40035e-06
         0.83   -1.3904e-06
        0.835  -1.37972e-06
         0.84  -1.36839e-06
        0.845  -1.35745e-06
         0.85  -1.34651e-06
        0.855  -1.33601e-06
         0.86  -1.32559e-06
        0.865  -1.31538e-06
         0.87  -1.30543e-06
        0.875   -1.2959e-06
         0.88  -1.28637e-06
        0.885  -1.27741e-06
         0.89  -1.26904e-06
        0.895  -1.25969e-06
          0.9  -1.24931e-06
        0.905  -1.24036e-06
         0.91  -1.23121e-06
        0.915  -1.22259e-06
         0.92   -1.2148e-06
        0.925  -1.20621e-06
         0.93  -1.19685e-06
        0.935   -1.1892e-06
         0.94  -1.18083e-06
        0.945  -1.20445e-06
         0.95  -1.19041e-06
        0.955  -1.13196e-06
         0.96  -1.12569e-06
        0.965  -1.16326e-06
         0.97  -1.15146e-06
        0.975  -1.13321e-06
         0.98  -1.11814e-06
        0.985   -1.1063e-06
         0.99  -1.09152e-06
        0.995  -1.08035e-06
            1  -1.06955e-06
        1.005  -1.10899e-06
         1.01  -1.09659e-06
        1.015  -1.07803e-06
         1.02  -1.03229e-06
        1.025  -1.02744e-06
         1.03   -1.0761e-06
        1.035  -1.06244e-06
         1.04  -1.04475e-06
        1.045  -9.99566e-07
         1.05  -9.94907e-07
        1.055  -1.04475e-06
         1.06   -1.0312e-06
        1.065  -9.83793e-07
         1.07  -9.78787e-07
        1.075   -1.0115e-06
         1.08  -1.00151e-06
        1.085  -9.86232e-07
         1.09  -9.74535e-07
        1.095   -9.6261e-07
          1.1  -9.52227e-07
        1.105   -9.4248e-07
         1.11  -9.66331e-07
        1.115  -9.58112e-07
         1.12  -9.44252e-07
        1.125  -9.33964e-07
         1.13  -9.23372e-07
        1.135   -9.1424e-07
         1.14  -9.06341e-07
        1.145  -9.39406e-07
         1.15  -9.28908e-07
        1.155  -9.13437e-07
         1.16  -8.75858e-07
        1.165  -8.72004e-07
         1.17  -9.14895e-07
        1.175  -9.03483e-07
         1.18   -8.8879e-07
        1.185  -8.52363e-07
         1.19  -8.48495e-07
        1.195  -8.91297e-07
          1.2  -8.80115e-07
        1.205  -8.41534e-07
         1.21  -8.37095e-07
        1.215  -8.65991e-07
         1.22  -8.57699e-07
        1.225  -8.45054e-07
         1.23  -8.35477e-07
        1.235  -8.25761e-07
         1.24  -8.17282e-07
        1.245  -8.09628e-07
         1.25  -8.36139e-07
        1.255  -8.28042e-07
         1.26  -8.15885e-07
        1.265  -8.06651e-07
         1.27  -7.97313e-07
        1.275  -7.89167e-07
         1.28  -7.81726e-07
        1.285  -8.07246e-07
         1.29  -7.99615e-07
        1.295  -7.87989e-07
          1.3  -7.79306e-07
        1.305  -7.70382e-07
         1.31  -7.62696e-07
        1.315   -7.5577e-07
         1.32  -7.81885e-07
        1.325  -7.74214e-07
         1.33  -7.62521e-07
        1.335   -7.5434e-07
         1.34  -7.45411e-07
        1.345  -7.38202e-07
         1.35   -7.3066e-07
        1.355  -7.54777e-07
         1.36  -7.48088e-07
        1.365  -7.37396e-07
         1.37  -7.29472e-07
        1.375  -7.21369e-07
         1.38  -7.14363e-07
        1.385  -7.08192e-07
         1.39  -7.34431e-07
        1.395  -7.26857e-07
          1.4  -7.15588e-07
        1.405  -7.07164e-07
         1.41  -6.99178e-07
        1.415  -6.92094e-07
         1.42  -6.85482e-07
        1.425  -7.07916e-07
         1.43  -7.01335e-07
        1.435  -6.91837e-07
         1.44  -6.84546e-07
        1.445  -6.77318e-07
         1.45   -6.7094e-07
        1.455  -6.83611e-07
         1.46  -6.78496e-07
        1.465  -6.70191e-07
         1.47  -6.64044e-07
        1.475  -6.58099e-07
         1.48  -6.73719e-07
        1.485  -6.67846e-07
         1.49  -6.59081e-07
        1.495  -6.52438e-07
          1.5  -6.45748e-07
        1.505   -6.3994e-07
         1.51  -6.55202e-07
        1.515  -6.49706e-07
         1.52  -6.41488e-07
        1.525  -6.35266e-07
         1.53  -6.29115e-07
        1.535  -6.23897e-07
         1.54  -6.43152e-07
        1.545  -6.37109e-07
         1.55  -6.28062e-07
        1.555  -6.21322e-07
         1.56  -6.14949e-07
        1.565   -6.0882e-07
         1.57  -6.03972e-07
        1.575  -6.27097e-07
         1.58  -6.20295e-07
        1.585  -5.97679e-07
         1.59  -5.94189e-07
        1.595  -6.13315e-07
          1.6   -6.0706e-07
        1.605  -5.99559e-07
         1.61  -5.93204e-07
        1.615  -5.87442e-07
         1.62   -5.8197e-07
        1.625   -5.9543e-07
         1.63  -5.90512e-07
        1.635  -5.83361e-07
         1.64  -5.77875e-07
        1.645  -5.72511e-07
         1.65  -5.81663e-07
        1.655  -5.77231e-07
         1.66  -5.70518e-07
        1.665  -5.65469e-07
         1.67  -5.60698e-07
        1.675  -5.75285e-07
         1.68  -5.69835e-07
        1.685  -5.62655e-07
         1.69  -5.56771e-07
        1.695  -5.51387e-07
          1.7  -5.46266e-07
        1.705  -5.58512e-07
         1.71   -5.5402e-07
        1.715  -5.47425e-07
         1.72  -5.42373e-07
        1.725  -5.37449e-07
         1.73  -5.47238e-07
        1.735  -5.43051e-07
         1.74  -5.36575e-07
        1.745  -5.31747e-07
         1.75  -5.27011e-07
        1.755  -5.37857e-07
         1.76  -5.33555e-07
        1.765  -5.26897e-07
         1.77  -5.22112e-07
        1.775  -5.17336e-07
         1.78  -5.25315e-07
        1.785  -5.20939e-07
         1.79  -5.15122e-07
        1.795  -5.10809e-07
          1.8  -5.17091e-07
        1.805  -5.12705e-07
         1.81  -5.07384e-07
        1.815  -5.02942e-07
         1.82  -5.09737e-07
        1.825  -5.05336e-07
         1.83  -4.99978e-07
        1.835  -4.95582e-07
         1.84  -5.01034e-07
        1.845  -4.96874e-07
         1.85  -4.91796e-07
        1.855  -4.87618e-07
         1.86  -4.95639e-07
        1.865   -4.9125e-07
         1.87  -4.85867e-07
        1.875  -4.81398e-07
         1.88  -4.77322e-07
        1.885  -4.87152e-07
         1.89  -4.82956e-07
        1.895  -4.77383e-07
          1.9  -4.72886e-07
        1.905  -4.68652e-07
         1.91  -4.76537e-07
        1.915  -4.72025e-07
         1.92  -4.67189e-07
        1.925  -4.63052e-07
         1.93  -4.67675e-07
        1.935  -4.63868e-07
         1.94  -4.59176e-07
        1.945  -4.55426e-07
         1.95  -4.64209e-07
        1.955  -4.59816e-07
         1.96  -4.54652e-07
        1.965  -4.50375e-07
         1.97  -4.46339e-07
        1.975  -4.53545e-07
         1.98  -4.49286e-07
        1.985  -4.44731e-07
         1.99  -4.40849e-07
        1.995   -4.4645e-07
            2  -4.42333e-07
        2.005  -4.37899e-07
         2.01  -4.34147e-07
        2.015  -4.40566e-07
         2.02  -4.36393e-07
        2.025  -4.31909e-07
         2.03  -4.28078e-07
        2.035  -4.32406e-07
         2.04  -4.28551e-07
        2.045  -4.24365e-07
         2.05  -4.20943e-07
        2.055  -4.29458e-07
         2.06  -4.25106e-07
        2.065  -4.20414e-07
         2.07   -4.1644e-07
        2.075  -4.12663e-07
         2.08   -4.1893e-07
        2.085  -4.15044e-07
         2.09   -4.1087e-07
        2.095  -4.07386e-07
          2.1  -4.13243e-07
        2.105  -4.09846e-07
         2.11  -4.05387e-07
        2.115  -4.01793e-07
         2.12  -4.05366e-07
        2.125  -4.02329e-07
         2.13  -3.98145e-07
        2.135  -4.00964e-07
         2.14  -3.97441e-07
        2.145  -3.93557e-07
         2.15  -3.96209e-07
        2.155   -3.9325e-07
         2.16  -3.89237e-07
        2.165  -3.92752e-07
         2.17  -3.88898e-07
        2.175  -3.85199e-07
         2.18  -3.82008e-07
        2.185  -3.89246e-07
         2.19  -3.85313e-07
        2.195  -3.81116e-07
          2.2  -3.77578e-07
        2.205  -3.74248e-07
         2.21  -3.81341e-07
        2.215  -3.77592e-07
         2.22  -3.73578e-07
        2.225  -3.70192e-07
         2.23   -3.6711e-07
        2.235  -3.75782e-07
         2.24  -3.71889e-07
        2.245  -3.67634e-07
         2.25  -3.64043e-07
        2.255  -3.60676e-07
         2.26  -3.65137e-07
        2.265  -3.61908e-07
         2.27  -3.58299e-07
        2.275   -3.6103e-07
         2.28  -3.57814e-07
        2.285  -3.54276e-07
         2.29  -3.56962e-07
        2.295  -3.53786e-07
          2.3  -3.50279e-07
        2.305  -3.52969e-07
         2.31   -3.4978e-07
        2.315  -3.46323e-07
         2.32  -3.43513e-07
        2.325  -3.51292e-07
         2.33  -3.47491e-07
        2.335  -3.43462e-07
         2.34  -3.40105e-07
        2.345  -3.36898e-07
         2.35  -3.40765e-07
        2.355  -3.37735e-07
         2.36  -3.34397e-07
        2.365  -3.37201e-07
         2.37  -3.34638e-07
        2.375  -3.31023e-07
         2.38  -3.28439e-07
        2.385  -3.34689e-07
         2.39   -3.3148e-07
        2.395  -3.27646e-07
          2.4  -3.24471e-07
        2.405  -3.21501e-07
         2.41  -3.27237e-07
        2.415  -3.24042e-07
         2.42   -3.2057e-07
        2.425  -3.17644e-07
         2.43  -3.20576e-07
        2.435  -3.18083e-07
         2.44  -3.14675e-07
        2.445  -3.17123e-07
         2.45  -3.14178e-07
        2.455  -3.11021e-07
         2.46  -3.13278e-07
        2.465  -3.10444e-07
         2.47   -3.0731e-07
        2.475   -3.0478e-07
         2.48  -3.11801e-07
        2.485  -3.08723e-07
         2.49  -3.04879e-07
        2.495  -3.01784e-07
          2.5  -2.98832e-07
        2.505   -3.0233e-07
         2.51  -2.99247e-07
        2.515  -2.96407e-07
         2.52  -2.99279e-07
        2.525  -2.96751e-07
         2.53  -2.93555e-07
        2.535   -2.9103e-07
         2.54  -2.96957e-07
        2.545   -2.9341e-07
         2.55  -2.90254e-07
        2.555  -2.87347e-07
         2.56  -2.84676e-07
        2.565  -2.90237e-07
         2.57  -2.86945e-07
        2.575  -2.83935e-07
         2.58   -2.8123e-07
        2.585  -2.84091e-07
         2.59  -2.81089e-07
        2.595  -2.78353e-07
          2.6  -2.80611e-07
        2.605  -2.77968e-07
         2.61  -2.75094e-07
        2.615  -2.77594e-07
         2.62  -2.74564e-07
        2.625  -2.71884e-07
         2.63  -2.73836e-07
        2.635  -2.70897e-07
         2.64  -2.68297e-07
        2.645  -2.71216e-07
         2.65  -2.68194e-07
        2.655  -2.65515e-07
         2.66  -2.63196e-07
        2.665  -2.68321e-07
         2.67   -2.6509e-07
        2.675  -2.62198e-07
         2.68  -2.59547e-07
        2.685  -2.57248e-07
         2.69  -2.63083e-07
        2.695  -2.59845e-07
          2.7   -2.5696e-07
        2.705   -2.5432e-07
         2.71  -2.51988e-07
        2.715   -2.5734e-07
         2.72  -2.54204e-07
        2.725  -2.51409e-07
         2.73  -2.48866e-07
        2.735  -2.50397e-07
         2.74  -2.48076e-07
        2.745   -2.4554e-07
         2.75  -2.49829e-07
        2.755  -2.46776e-07
         2.76  -2.44081e-07
        2.765  -2.41592e-07
         2.77  -2.43729e-07
        2.775  -2.41013e-07
         2.78  -2.38624e-07
        2.785  -2.41789e-07
         2.79   -2.3892e-07
        2.795  -2.36388e-07
          2.8  -2.34138e-07
        2.805  -2.38151e-07
         2.81  -2.35263e-07
        2.815  -2.32674e-07
         2.82  -2.30299e-07
        2.825  -2.33194e-07
         2.83   -2.3045e-07
        2.835  -2.28028e-07
         2.84  -2.25861e-07
        2.845  -2.30847e-07
         2.85  -2.28176e-07
        2.855  -2.25328e-07
         2.86  -2.22892e-07
        2.865  -2.20626e-07
         2.87  -2.25259e-07
        2.875  -2.22414e-07
         2.88  -2.19893e-07
        2.885  -2.17604e-07
         2.89  -2.20073e-07
        2.895  -2.17477e-07
          2.9  -2.15154e-07
        2.905  -2.17239e-07
         2.91  -2.14657e-07
        2.915  -2.12354e-07
         2.92  -2.14207e-07
        2.925  -2.11635e-07
         2.93  -2.09402e-07
        2.935  -2.11597e-07
         2.94  -2.08999e-07
        2.945  -2.06746e-07
         2.95  -2.08294e-07
        2.955  -2.05808e-07
         2.96  -2.03615e-07
        2.965  -2.06202e-07
         2.97  -2.03601e-07
        2.975  -2.01337e-07
         2.98  -1.99358e-07
        2.985   -2.0343e-07
         2.99  -2.00688e-07
        2.995  -1.98283e-07
            3  -1.96053e-07
        3.005  -1.97767e-07
         3.01  -1.95409e-07
        3.015  -1.93289e-07
         3.02  -1.96142e-07
        3.025  -1.93844e-07
         3.03  -1.91452e-07
        3.035  -1.89457e-07
         3.04  -1.92674e-07
        3.045  -1.90098e-07
         3.05   -1.8786e-07
        3.055   -1.8582e-07
         3.06  -1.88972e-07
        3.065  -1.86447e-07
         3.07  -1.84236e-07
        3.075  -1.82264e-07
         3.08  -1.85485e-07
        3.085  -1.82969e-07
         3.09  -1.80769e-07
        3.095  -1.78754e-07
          3.1  -1.81704e-07
        3.105  -1.79229e-07
         3.11   -1.7708e-07
        3.115  -1.75112e-07
         3.12  -1.78642e-07
        3.125   -1.7615e-07
         3.13  -1.73938e-07
        3.135  -1.71937e-07
         3.14  -1.74088e-07
        3.145  -1.71798e-07
         3.15  -1.69758e-07
        3.155  -1.71503e-07
         3.16  -1.69234e-07
        3.165  -1.67186e-07
         3.17   -1.6895e-07
        3.175  -1.66666e-07
         3.18  -1.64657e-07
        3.185  -1.66313e-07
         3.19  -1.64025e-07
        3.195  -1.62089e-07
          3.2  -1.63895e-07
        3.205  -1.61595e-07
         3.21   -1.5965e-07
        3.215  -1.61176e-07
         3.22  -1.58921e-07
        3.225  -1.57018e-07
         3.23  -1.58964e-07
        3.235  -1.56684e-07
         3.24  -1.54719e-07
        3.245  -1.55991e-07
         3.25  -1.53805e-07
        3.255  -1.51983e-07
         3.26  -1.54186e-07
        3.265  -1.51909e-07
         3.27   -1.4996e-07
        3.275  -1.50647e-07
         3.28  -1.48534e-07
        3.285  -1.49074e-07
         3.29  -1.46996e-07
        3.295  -1.45268e-07
          3.3  -1.48162e-07
        3.305  -1.45835e-07
         3.31   -1.4383e-07
        3.315  -1.41963e-07
         3.32  -1.44162e-07
        3.325  -1.41979e-07
         3.33  -1.40086e-07
        3.335   -1.4135e-07
         3.34  -1.39287e-07
        3.345   -1.3747e-07
         3.35  -1.39539e-07
        3.355  -1.37352e-07
         3.36  -1.35488e-07
        3.365  -1.36298e-07
         3.37   -1.3426e-07
        3.375  -1.32564e-07
         3.38   -1.3529e-07
        3.385  -1.33052e-07
         3.39  -1.31132e-07
        3.395  -1.29364e-07
          3.4  -1.31606e-07
        3.405  -1.29472e-07
         3.41  -1.27661e-07
        3.415  -1.28567e-07
         3.42  -1.26564e-07
        3.425  -1.24882e-07
         3.43   -1.2741e-07
        3.435  -1.25257e-07
         3.44   -1.2338e-07
        3.445  -1.21683e-07
         3.45  -1.24048e-07
        3.455  -1.21971e-07
         3.46  -1.20146e-07
        3.465  -1.20625e-07
         3.47  -1.18711e-07
        3.475  -1.19369e-07
         3.48  -1.17447e-07
        3.485  -1.15832e-07
         3.49  -1.18265e-07
        3.495   -1.1616e-07
          3.5  -1.14351e-07
        3.505  -1.12688e-07
         3.51  -1.14998e-07
        3.515  -1.12981e-07
         3.52  -1.11199e-07
        3.525  -1.11653e-07
         3.53  -1.09779e-07
        3.535  -1.10437e-07
         3.54  -1.08564e-07
        3.545  -1.06987e-07
         3.55  -1.09333e-07
        3.555  -1.07295e-07
         3.56  -1.05516e-07
        3.565  -1.03908e-07
         3.57  -1.06188e-07
        3.575  -1.04189e-07
         3.58  -1.02468e-07
        3.585  -1.02859e-07
         3.59  -1.01026e-07
        3.595  -1.01627e-07
          3.6  -1.00019e-07
        3.605  -9.83493e-08
         3.61  -1.00433e-07
        3.615  -9.87039e-08
         3.62  -9.68685e-08
        3.625  -9.52926e-08
         3.63  -9.75306e-08
        3.635  -9.58292e-08
         3.64  -9.39802e-08
        3.645  -9.25251e-08
         3.65  -9.48586e-08
        3.655  -9.29397e-08
         3.66  -9.12579e-08
        3.665  -8.97081e-08
         3.67  -9.20191e-08
        3.675  -9.00966e-08
         3.68  -8.84385e-08
        3.685  -8.69305e-08
         3.69  -8.93833e-08
        3.695  -8.74906e-08
          3.7  -8.57758e-08
        3.705  -8.42669e-08
         3.71  -8.62593e-08
        3.715   -8.4473e-08
         3.72  -8.28101e-08
        3.725  -8.33036e-08
         3.73  -8.16841e-08
        3.735  -8.02015e-08
         3.74  -8.26666e-08
        3.745  -8.07427e-08
         3.75  -7.90685e-08
        3.755  -7.75323e-08
         3.76  -7.90944e-08
        3.765  -7.75024e-08
         3.77  -7.58495e-08
        3.775  -7.70545e-08
         3.78  -7.53283e-08
        3.785  -7.38033e-08
         3.79  -7.51194e-08
        3.795  -7.35392e-08
          3.8  -7.19188e-08
        3.805  -7.28465e-08
         3.81  -7.13526e-08
        3.815  -6.98114e-08
         3.82  -7.13603e-08
        3.825  -6.95788e-08
         3.83  -6.80431e-08
        3.835  -6.88132e-08
         3.84  -6.71433e-08
        3.845  -6.57489e-08
         3.85  -6.76518e-08
        3.855  -6.60524e-08
         3.86  -6.43794e-08
        3.865   -6.2998e-08
         3.87  -6.50423e-08
        3.875  -6.32533e-08
         3.88  -6.17289e-08
        3.885   -6.1851e-08
         3.89  -6.04857e-08
        3.895  -6.10284e-08
          3.9  -5.95792e-08
        3.905  -5.81021e-08
         3.91  -5.98246e-08
        3.915  -5.81298e-08
         3.92  -5.66203e-08
        3.925  -5.67931e-08
         3.93  -5.54443e-08
        3.935  -5.58861e-08
         3.94  -5.44661e-08
        3.945  -5.42741e-08
         3.95  -5.29124e-08
        3.955   -5.3387e-08
         3.96  -5.19776e-08
        3.965  -5.05413e-08
         3.97  -5.22049e-08
        3.975  -5.07141e-08
         3.98  -4.91491e-08
        3.985  -4.91936e-08
         3.99  -4.78805e-08
        3.995  -4.84909e-08
            4  -4.70899e-08
        4.005  -4.56268e-08
         4.01  -4.71138e-08
        4.015  -4.56718e-08
         4.02  -4.41171e-08
        4.025   -4.4559e-08
         4.03  -4.30812e-08
        4.035  -4.34392e-08
         4.04  -4.19044e-08
        4.045  -4.20915e-08
         4.05  -4.07479e-08
        4.055  -4.09534e-08
         4.06  -3.94652e-08
        4.065  -3.97291e-08
         4.07  -3.83783e-08
        4.075  -3.84258e-08
         4.08  -3.71037e-08
        4.085  -3.73264e-08
         4.09  -3.60064e-08
        4.095  -3.60573e-08
          4.1    -3.474e-08
        4.105  -3.49292e-08
         4.11  -3.36235e-08
        4.115  -3.36904e-08
         4.12  -3.23952e-08
        4.125  -3.25656e-08
         4.13  -3.12741e-08
        4.135  -3.13346e-08
         4.14  -3.00475e-08
        4.145  -3.02331e-08
         4.15  -2.89355e-08
        4.155  -2.89943e-08
         4.16   -2.7702e-08
        4.165  -2.64434e-08
         4.17  -2.84185e-08
        4.175  -2.68264e-08
         4.18  -2.53854e-08
        4.185  -2.41221e-08
         4.19  -2.55073e-08
        4.195  -2.41565e-08
          4.2  -2.27692e-08
        4.205  -2.35014e-08
         4.21  -2.21023e-08
        4.215  -2.08432e-08
         4.22  -2.22827e-08
        4.225  -2.09377e-08
         4.23  -1.95037e-08
        4.235   -1.9661e-08
         4.24  -1.84551e-08
        4.245  -1.88569e-08
         4.25  -1.75831e-08
        4.255  -1.74178e-08
         4.26  -1.61929e-08
        4.265  -1.66349e-08
         4.27  -1.53341e-08
        4.275  -1.40859e-08
         4.28  -1.54991e-08
        4.285   -1.4164e-08
         4.29  -1.27716e-08
        4.295  -1.29828e-08
          4.3   -1.1741e-08
        4.305   -1.1992e-08
         4.31  -1.08281e-08
        4.315  -1.08746e-08
         4.32  -9.66878e-09
        4.325  -9.76861e-09
         4.33  -8.55492e-09
        4.335  -8.69382e-09
         4.34   -7.4877e-09
        4.345  -7.56712e-09
         4.35  -6.37016e-09
        4.355  -6.51152e-09
         4.36  -5.30649e-09
        4.365  -5.39817e-09
         4.37  -4.19908e-09
        4.375  -4.33121e-09
         4.38  -3.14718e-09
        4.385  -3.24304e-09
         4.39  -2.03393e-09
        4.395  -2.13846e-09
          4.4  -9.77458e-10
        4.405  -1.09973e-09
         4.41   6.35258e-11
        4.415  -3.96057e-12
         4.42   1.15324e-09
        4.425   1.08136e-09
         4.43   2.23695e-09
        4.435    2.0408e-09
         4.44   3.28475e-09
        4.445   3.13589e-09
         4.45   4.40105e-09
        4.455   4.17459e-09
         4.46   5.34726e-09
        4.465   5.33938e-09
         4.47   6.46856e-09
        4.475   6.23073e-09
         4.48   7.39425e-09
        4.485   7.43446e-09
         4.49   8.56639e-09
        4.495   8.32068e-09
          4.5   9.46191e-09
        4.505    9.5338e-09
         4.51   1.06788e-08
        4.515   1.03433e-08
         4.52   1.16002e-08
        4.525   1.27091e-08
         4.53    1.1168e-08
        4.535   1.24245e-08
         4.54   1.37118e-08
        4.545   1.48109e-08
         4.55   1.33961e-08
        4.555   1.45986e-08
         4.56   1.58592e-08
        4.565   1.56875e-08
         4.57   1.67715e-08
        4.575   1.64772e-08
         4.58   1.76095e-08
        4.585   1.76971e-08
         4.59   1.88025e-08
        4.595   1.85193e-08
          4.6   1.96227e-08
        4.605   1.97489e-08
         4.61   2.08427e-08
        4.615   2.05128e-08
         4.62   2.16123e-08
        4.625   2.17449e-08
         4.63   2.28084e-08
        4.635   2.24643e-08
         4.64   2.35725e-08
        4.645   2.37318e-08
         4.65   2.47948e-08
        4.655   2.44472e-08
         4.66   2.55498e-08
        4.665   2.67039e-08
         4.67   2.53632e-08
        4.675   2.65562e-08
         4.68   2.77537e-08
        4.685   2.77649e-08
         4.69   2.87959e-08
        4.695   2.82466e-08
          4.7   2.93944e-08
        4.705   3.04948e-08
         4.71   2.94308e-08
        4.715     3.057e-08
         4.72   3.17309e-08
        4.725    3.1396e-08
         4.73    3.2413e-08
        4.735    3.2358e-08
         4.74   3.34559e-08
        4.745    3.3309e-08
         4.75   3.43773e-08
        4.755   3.43123e-08
         4.76     3.533e-08
        4.765   3.52146e-08
         4.77   3.62525e-08
        4.775    3.6199e-08
         4.78   3.72254e-08
        4.785   3.71145e-08
         4.79   3.81452e-08
        4.795    3.8098e-08
          4.8   3.91143e-08
        4.805   3.89902e-08
         4.81   4.00479e-08
        4.815   3.99915e-08
         4.82   4.10077e-08
        4.825   4.08395e-08
         4.83   4.18872e-08
        4.835   4.18456e-08
         4.84   4.28791e-08
        4.845   4.27105e-08
         4.85   4.37414e-08
        4.855   4.37086e-08
         4.86   4.47249e-08
        4.865   4.45698e-08
         4.87   4.55804e-08
        4.875   4.55594e-08
         4.88   4.66043e-08
        4.885   4.64424e-08
         4.89   4.74255e-08
        4.895   4.73514e-08
          4.9   4.83835e-08
        4.905   4.83756e-08
         4.91   4.92658e-08
        4.915   4.91052e-08
         4.92    5.0102e-08
        4.925   5.01709e-08
         4.93   5.11561e-08
        4.935   5.08839e-08
         4.94   5.18939e-08
        4.945   5.19903e-08
         4.95   5.29505e-08
        4.955   5.26601e-08
         4.96   5.36922e-08
        4.965   5.47178e-08
         4.97   5.34307e-08
        4.975    5.4585e-08
         4.98   5.56754e-08
        4.985   5.57539e-08
         4.99   5.66802e-08
        4.995   5.60994e-08
            5   5.71092e-08
        5.005   5.81432e-08
         5.01    5.7296e-08
        5.015    5.8311e-08
         5.02   5.93671e-08
        5.025   5.88447e-08
         5.03   5.98116e-08
        5.035   6.08301e-08
         5.04   5.98132e-08
        5.045   6.08327e-08
         5.05   6.18944e-08
        5.055   6.16794e-08
         5.06   6.26096e-08
        5.065   6.24466e-08
         5.07   6.34408e-08
        5.075   6.34396e-08
         5.08   6.43633e-08
        5.085   6.42129e-08
         5.09   6.51428e-08
        5.095   6.51429e-08
          5.1    6.6082e-08
        5.105    6.5913e-08
         5.11   6.68529e-08
        5.115   6.68631e-08
         5.12    6.7794e-08
        5.125   6.76287e-08
         5.13   6.85564e-08
        5.135   6.85524e-08
         5.14   6.95147e-08
        5.145   6.93239e-08
         5.15   7.03052e-08
        5.155   7.02583e-08
         5.16   7.11559e-08
        5.165    7.1034e-08
         5.17   7.19544e-08
        5.175   7.19312e-08
         5.18   7.28367e-08
        5.185   7.27224e-08
         5.19   7.36307e-08
        5.195   7.36079e-08
          5.2   7.45063e-08
        5.205   7.43798e-08
         5.21   7.53271e-08
        5.215   7.52831e-08
         5.22   7.61631e-08
        5.225   7.60564e-08
         5.23   7.69573e-08
        5.235   7.69353e-08
         5.24   7.78107e-08
        5.245   7.76871e-08
         5.25   7.86189e-08
        5.255   7.85796e-08
         5.26   7.94613e-08
        5.265   7.93287e-08
         5.27   8.02186e-08
        5.275   8.02269e-08
         5.28   8.10963e-08
        5.285   8.09441e-08
         5.29   8.18642e-08
        5.295   8.18691e-08
          5.3   8.27425e-08
        5.305   8.25549e-08
         5.31   8.34451e-08
        5.315   8.34985e-08
         5.32   8.43559e-08
        5.325   8.41796e-08
         5.33   8.50523e-08
        5.335    8.5107e-08
         5.34   8.59583e-08
        5.345   8.57745e-08
         5.35   8.66545e-08
        5.355      8.67e-08
         5.36   8.75578e-08
        5.365   8.73857e-08
         5.37   8.82532e-08
        5.375    8.8324e-08
         5.38   8.91427e-08
        5.385   8.89447e-08
         5.39   8.98273e-08
        5.395   8.99034e-08
          5.4   9.07364e-08
        5.405   9.04796e-08
         5.41   9.13801e-08
        5.415    9.2266e-08
         5.42    9.1219e-08
        5.425   9.21599e-08
         5.43   9.31147e-08
        5.435   9.31331e-08
         5.44   9.39439e-08
        5.445   9.35576e-08
         5.45   9.44247e-08
        5.455   9.53197e-08
         5.46   9.44562e-08
        5.465   9.53569e-08
         5.47    9.6292e-08
        5.475   9.60747e-08
         5.48   9.69059e-08
        5.485   9.68526e-08
         5.49   9.76866e-08
        5.495   9.75642e-08
          5.5   9.84253e-08
        5.505   9.83472e-08
         5.51   9.91553e-08
        5.515   9.91025e-08
         5.52   9.99274e-08
        5.525   9.98551e-08
         5.53   1.00683e-07
        5.535    1.0064e-07
         5.54   1.01442e-07
        5.545   1.01388e-07
         5.55   1.02193e-07
        5.555   1.02145e-07
         5.56   1.02958e-07
        5.565   1.02884e-07
         5.57   1.03701e-07
        5.575   1.03646e-07
         5.58    1.0446e-07
        5.585   1.04384e-07
         5.59   1.05191e-07
        5.595   1.05157e-07
          5.6   1.05954e-07
        5.605   1.05925e-07
         5.61   1.06681e-07
        5.615   1.06639e-07
         5.62   1.07393e-07
        5.625   1.07388e-07
         5.63   1.08166e-07
        5.635   1.08124e-07
         5.64   1.08912e-07
        5.645   1.08846e-07
         5.65   1.09637e-07
        5.655   1.09593e-07
         5.66    1.1038e-07
        5.665     1.103e-07
         5.67   1.11125e-07
        5.675   1.11086e-07
         5.68    1.1186e-07
        5.685   1.11765e-07
         5.69   1.12539e-07
        5.695   1.12538e-07
          5.7    1.1331e-07
        5.705     1.132e-07
         5.71   1.13983e-07
        5.715   1.13985e-07
         5.72    1.1476e-07
        5.725   1.14652e-07
         5.73   1.15435e-07
        5.735   1.15407e-07
         5.74     1.162e-07
        5.745   1.16093e-07
         5.75   1.16866e-07
        5.755   1.16846e-07
         5.76   1.17618e-07
        5.765   1.17488e-07
         5.77   1.18304e-07
        5.775   1.18289e-07
         5.78   1.19042e-07
        5.785   1.18921e-07
         5.79   1.19686e-07
        5.795   1.19691e-07
          5.8   1.20462e-07
        5.805   1.20336e-07
         5.81   1.21109e-07
        5.815   1.21126e-07
         5.82   1.21861e-07
        5.825   1.21753e-07
         5.83   1.22507e-07
        5.835   1.22491e-07
         5.84    1.2327e-07
        5.845   1.23177e-07
         5.85   1.23922e-07
        5.855   1.23887e-07
         5.86   1.24645e-07
        5.865    1.2457e-07
         5.87   1.25314e-07
        5.875   1.25274e-07
         5.88   1.26017e-07
        5.885   1.25951e-07
         5.89   1.26692e-07
        5.895   1.26659e-07
          5.9   1.27398e-07
        5.905   1.27327e-07
         5.91   1.28067e-07
        5.915   1.28033e-07
         5.92   1.28769e-07
        5.925     1.287e-07
         5.93   1.29435e-07
        5.935   1.29391e-07
         5.94   1.30151e-07
        5.945    1.3006e-07
         5.95   1.30823e-07
        5.955    1.3076e-07
         5.96   1.31484e-07
        5.965   1.31421e-07
         5.97   1.32148e-07
        5.975   1.32111e-07
         5.98   1.32834e-07
        5.985   1.32773e-07
         5.99   1.33495e-07
        5.995   1.33429e-07
            6   1.34184e-07
        6.005    1.3412e-07
         6.01    1.3485e-07
        6.015   1.34843e-07
         6.02   1.35532e-07
        6.025   1.35409e-07
         6.03   1.36133e-07
        6.035   1.36178e-07
         6.04   1.36883e-07
        6.045   1.36741e-07
         6.05    1.3746e-07
        6.055   1.37503e-07
         6.06   1.38205e-07
        6.065   1.38068e-07
         6.07    1.3878e-07
        6.075   1.38823e-07
         6.08   1.39522e-07
        6.085   1.39381e-07
         6.09   1.40091e-07
        6.095   1.40138e-07
          6.1   1.40832e-07
        6.105   1.40694e-07
         6.11     1.414e-07
        6.115   1.41442e-07
         6.12   1.42127e-07
        6.125   1.41993e-07
         6.13   1.42719e-07
        6.135   1.42751e-07
         6.14   1.43436e-07
        6.145   1.43291e-07
         6.15    1.4399e-07
        6.155   1.44045e-07
         6.16   1.44728e-07
        6.165    1.4458e-07
         6.17   1.45276e-07
        6.175   1.45339e-07
         6.18   1.46016e-07
        6.185   1.45859e-07
         6.19   1.46553e-07
        6.195   1.46624e-07
          6.2   1.47299e-07
        6.205   1.47135e-07
         6.21   1.47826e-07
        6.215   1.47903e-07
         6.22    1.4857e-07
        6.225   1.48438e-07
         6.23   1.49089e-07
        6.235   1.49829e-07
         6.24   1.48907e-07
        6.245   1.49672e-07
         6.25   1.50438e-07
        6.255   1.51119e-07
         6.26   1.50388e-07
        6.265   1.51112e-07
         6.27   1.51851e-07
        6.275   1.51562e-07
         6.28   1.52236e-07
        6.285   1.52951e-07
         6.29   1.52124e-07
        6.295   1.52849e-07
          6.3   1.53604e-07
        6.305   1.54263e-07
         6.31   1.53361e-07
        6.315   1.54098e-07
         6.32   1.54847e-07
        6.325   1.55504e-07
         6.33   1.54597e-07
        6.335   1.55331e-07
         6.34   1.56077e-07
        6.345   1.56733e-07
         6.35   1.55855e-07
        6.355   1.56582e-07
         6.36   1.57322e-07
        6.365   1.57354e-07
         6.37    1.5799e-07
