#           x           0.2
#           y             0
#           z             0
#        Time
      100.005  -3.87015e-06
       100.01  -3.87049e-06
      100.015  -3.88647e-06
       100.02  -3.86958e-06
      100.025   -3.8699e-06
       100.03  -3.87029e-06
      100.035  -3.87064e-06
       100.04  -3.87098e-06
      100.045  -3.87128e-06
       100.05  -3.87155e-06
      100.055  -3.87183e-06
       100.06  -3.87214e-06
      100.065  -3.87245e-06
       100.07  -3.87277e-06
      100.075  -3.87309e-06
       100.08   -3.8734e-06
      100.085  -3.87372e-06
       100.09  -3.87403e-06
      100.095  -3.87433e-06
        100.1  -3.87465e-06
      100.105  -3.87495e-06
       100.11  -3.87526e-06
      100.115  -3.87556e-06
       100.12  -3.87587e-06
      100.125  -3.87618e-06
       100.13  -3.87649e-06
      100.135   -3.8768e-06
       100.14  -3.87712e-06
      100.145  -3.87742e-06
       100.15  -3.87772e-06
      100.155  -3.87803e-06
       100.16  -3.87835e-06
      100.165  -3.87866e-06
       100.17  -3.87896e-06
      100.175  -3.87927e-06
       100.18  -3.87957e-06
      100.185  -3.87988e-06
       100.19  -3.88019e-06
      100.195   -3.8805e-06
        100.2  -3.88081e-06
      100.205  -3.88111e-06
       100.21  -3.88143e-06
      100.215  -3.88173e-06
       100.22  -3.88204e-06
      100.225  -3.88235e-06
       100.23  -3.88265e-06
      100.235  -3.88296e-06
       100.24  -3.88327e-06
      100.245  -3.88357e-06
       100.25  -3.88388e-06
      100.255  -3.88418e-06
       100.26  -3.88449e-06
      100.265  -3.88479e-06
       100.27   -3.8851e-06
      100.275   -3.8854e-06
       100.28  -3.88572e-06
      100.285  -3.88601e-06
       100.29  -3.88633e-06
      100.295  -3.88663e-06
        100.3  -3.88692e-06
      100.305  -3.88725e-06
       100.31  -3.88755e-06
      100.315  -3.88786e-06
       100.32  -3.88815e-06
      100.325  -3.88846e-06
       100.33  -3.88876e-06
      100.335  -3.88907e-06
       100.34  -3.88935e-06
      100.345  -3.88968e-06
       100.35  -3.88999e-06
      100.355   -3.8903e-06
       100.36  -3.89061e-06
      100.365   -3.8909e-06
       100.37  -3.89122e-06
      100.375  -3.89152e-06
       100.38  -3.89182e-06
      100.385  -3.89214e-06
       100.39  -3.89244e-06
      100.395  -3.89275e-06
        100.4  -3.89305e-06
      100.405  -3.89337e-06
       100.41  -3.89372e-06
      100.415  -3.89393e-06
       100.42  -3.89422e-06
      100.425  -3.89453e-06
       100.43  -3.89484e-06
      100.435  -3.89515e-06
       100.44  -3.89545e-06
      100.445  -3.89576e-06
       100.45  -3.89606e-06
      100.455  -3.89636e-06
       100.46  -3.89667e-06
      100.465  -3.89698e-06
       100.47  -3.89729e-06
      100.475  -3.89762e-06
       100.48  -3.89787e-06
      100.485  -3.89816e-06
       100.49  -3.89845e-06
      100.495  -3.89875e-06
        100.5  -3.89903e-06
      100.505  -3.89936e-06
       100.51  -3.89966e-06
      100.515  -3.89996e-06
       100.52  -3.90028e-06
      100.525  -3.90057e-06
       100.53  -3.90087e-06
      100.535  -3.90118e-06
       100.54  -3.90149e-06
      100.545  -3.90178e-06
       100.55  -3.90209e-06
      100.555  -3.90239e-06
       100.56   -3.9027e-06
      100.565  -3.90299e-06
       100.57   -3.9033e-06
      100.575   -3.9036e-06
       100.58   -3.9039e-06
      100.585  -3.90421e-06
       100.59  -3.90451e-06
      100.595   -3.9048e-06
        100.6  -3.90511e-06
      100.605  -3.90541e-06
       100.61   -3.9057e-06
      100.615  -3.90601e-06
       100.62  -3.90631e-06
      100.625  -3.90661e-06
       100.63   -3.9069e-06
      100.635  -3.90722e-06
       100.64  -3.90752e-06
      100.645  -3.90782e-06
       100.65  -3.90813e-06
      100.655  -3.90842e-06
       100.66  -3.90872e-06
      100.665  -3.90902e-06
       100.67  -3.90933e-06
      100.675  -3.90963e-06
       100.68  -3.90992e-06
      100.685  -3.91023e-06
       100.69  -3.91053e-06
      100.695  -3.91082e-06
        100.7  -3.91112e-06
      100.705   -3.9114e-06
       100.71  -3.91172e-06
      100.715  -3.91202e-06
       100.72  -3.91232e-06
      100.725  -3.91263e-06
       100.73  -3.91294e-06
      100.735  -3.91323e-06
       100.74  -3.91354e-06
      100.745  -3.91383e-06
       100.75  -3.91413e-06
      100.755  -3.91443e-06
       100.76  -3.91473e-06
      100.765  -3.91504e-06
       100.77  -3.91533e-06
      100.775  -3.91563e-06
       100.78  -3.91593e-06
      100.785  -3.91622e-06
       100.79  -3.91653e-06
      100.795  -3.91682e-06
        100.8  -3.91712e-06
      100.805  -3.91743e-06
       100.81  -3.91772e-06
      100.815  -3.91802e-06
       100.82  -3.91832e-06
      100.825  -3.91863e-06
       100.83  -3.91891e-06
      100.835  -3.91922e-06
       100.84  -3.91951e-06
      100.845  -3.91981e-06
       100.85  -3.92012e-06
      100.855  -3.92042e-06
       100.86  -3.92071e-06
      100.865  -3.92101e-06
       100.87  -3.92131e-06
      100.875   -3.9216e-06
       100.88  -3.92191e-06
      100.885   -3.9222e-06
       100.89   -3.9225e-06
      100.895  -3.92279e-06
        100.9   -3.9231e-06
      100.905  -3.92339e-06
       100.91  -3.92369e-06
      100.915  -3.92399e-06
       100.92  -3.92429e-06
      100.925  -3.92458e-06
       100.93  -3.92488e-06
      100.935  -3.92518e-06
       100.94  -3.92548e-06
      100.945  -3.92577e-06
       100.95  -3.92607e-06
      100.955  -3.92637e-06
       100.96  -3.92667e-06
      100.965  -3.92696e-06
       100.97  -3.92726e-06
      100.975  -3.92756e-06
       100.98  -3.92786e-06
      100.985  -3.92815e-06
       100.99  -3.92846e-06
      100.995  -3.92874e-06
          101  -3.92905e-06
      101.005  -3.92934e-06
       101.01  -3.92964e-06
      101.015  -3.92994e-06
       101.02  -3.93023e-06
      101.025  -3.93053e-06
       101.03  -3.93082e-06
      101.035  -3.93112e-06
       101.04  -3.93142e-06
      101.045  -3.93172e-06
       101.05  -3.93201e-06
      101.055  -3.93232e-06
       101.06   -3.9326e-06
      101.065   -3.9329e-06
       101.07  -3.93319e-06
      101.075   -3.9335e-06
       101.08  -3.93378e-06
      101.085  -3.93409e-06
       101.09  -3.93439e-06
      101.095  -3.93468e-06
        101.1  -3.93498e-06
      101.105  -3.93528e-06
       101.11  -3.93557e-06
      101.115  -3.93586e-06
       101.12  -3.93616e-06
      101.125  -3.93645e-06
       101.13  -3.93674e-06
      101.135  -3.93705e-06
       101.14  -3.93733e-06
      101.145  -3.93764e-06
       101.15  -3.93793e-06
      101.155  -3.93822e-06
       101.16  -3.93852e-06
      101.165  -3.93882e-06
       101.17  -3.93911e-06
      101.175   -3.9394e-06
       101.18   -3.9397e-06
      101.185  -3.93999e-06
       101.19  -3.94029e-06
      101.195  -3.94059e-06
        101.2  -3.94088e-06
      101.205  -3.94119e-06
       101.21  -3.94147e-06
      101.215  -3.94177e-06
       101.22  -3.94206e-06
      101.225  -3.94235e-06
       101.23  -3.94265e-06
      101.235  -3.94294e-06
       101.24  -3.94323e-06
      101.245  -3.94353e-06
       101.25  -3.94383e-06
      101.255  -3.94413e-06
       101.26  -3.94442e-06
      101.265  -3.94472e-06
       101.27  -3.94501e-06
      101.275   -3.9453e-06
       101.28  -3.94558e-06
      101.285  -3.94589e-06
       101.29  -3.94618e-06
      101.295  -3.94648e-06
        101.3  -3.94677e-06
      101.305  -3.94707e-06
       101.31  -3.94737e-06
      101.315  -3.94766e-06
       101.32  -3.94795e-06
      101.325  -3.94824e-06
       101.33  -3.94853e-06
      101.335  -3.94882e-06
       101.34  -3.94913e-06
      101.345  -3.94942e-06
       101.35  -3.94971e-06
      101.355  -3.95001e-06
       101.36   -3.9503e-06
      101.365   -3.9506e-06
       101.37  -3.95088e-06
      101.375  -3.95119e-06
       101.38  -3.95147e-06
      101.385  -3.95177e-06
       101.39  -3.95206e-06
      101.395  -3.95236e-06
        101.4  -3.95264e-06
      101.405  -3.95294e-06
       101.41  -3.95323e-06
      101.415  -3.95353e-06
       101.42  -3.95382e-06
      101.425  -3.95411e-06
       101.43   -3.9544e-06
      101.435   -3.9547e-06
       101.44  -3.95498e-06
      101.445  -3.95529e-06
       101.45  -3.95557e-06
      101.455  -3.95587e-06
       101.46  -3.95615e-06
      101.465  -3.95645e-06
       101.47  -3.95674e-06
      101.475  -3.95704e-06
       101.48  -3.95733e-06
      101.485  -3.95763e-06
       101.49  -3.95791e-06
      101.495   -3.9582e-06
        101.5   -3.9585e-06
      101.505  -3.95879e-06
       101.51  -3.95908e-06
      101.515  -3.95937e-06
       101.52  -3.95967e-06
      101.525  -3.95997e-06
       101.53  -3.96025e-06
      101.535  -3.96055e-06
       101.54  -3.96084e-06
      101.545  -3.96114e-06
       101.55  -3.96143e-06
      101.555  -3.96172e-06
       101.56  -3.96204e-06
      101.565  -3.96232e-06
       101.57  -3.96258e-06
      101.575  -3.96286e-06
       101.58  -3.96316e-06
      101.585  -3.96345e-06
       101.59  -3.96375e-06
      101.595  -3.96404e-06
        101.6  -3.96433e-06
      101.605  -3.96463e-06
       101.61  -3.96493e-06
      101.615  -3.96525e-06
       101.62   -3.9655e-06
      101.625  -3.96578e-06
       101.63  -3.96606e-06
      101.635  -3.96635e-06
       101.64  -3.96664e-06
      101.645  -3.96693e-06
       101.65  -3.96722e-06
      101.655  -3.96751e-06
       101.66   -3.9678e-06
      101.665   -3.9681e-06
       101.67  -3.96839e-06
      101.675  -3.96868e-06
       101.68  -3.96896e-06
      101.685  -3.96925e-06
       101.69  -3.96955e-06
      101.695  -3.96984e-06
        101.7  -3.97013e-06
      101.705  -3.97042e-06
       101.71  -3.97072e-06
      101.715    -3.971e-06
       101.72  -3.97129e-06
      101.725  -3.97158e-06
       101.73  -3.97187e-06
      101.735  -3.97216e-06
       101.74  -3.97245e-06
      101.745  -3.97274e-06
       101.75  -3.97303e-06
      101.755  -3.97332e-06
       101.76  -3.97361e-06
      101.765   -3.9739e-06
       101.77  -3.97419e-06
      101.775  -3.97448e-06
       101.78  -3.97477e-06
      101.785  -3.97506e-06
       101.79  -3.97535e-06
      101.795  -3.97564e-06
        101.8  -3.97593e-06
      101.805  -3.97621e-06
       101.81  -3.97651e-06
      101.815  -3.97679e-06
       101.82  -3.97708e-06
      101.825  -3.97737e-06
       101.83  -3.97766e-06
      101.835  -3.97795e-06
       101.84  -3.97824e-06
      101.845  -3.97854e-06
       101.85  -3.97882e-06
      101.855   -3.9791e-06
       101.86  -3.97939e-06
      101.865  -3.97968e-06
       101.87  -3.97997e-06
      101.875  -3.98026e-06
       101.88  -3.98055e-06
      101.885  -3.98085e-06
       101.89  -3.98113e-06
      101.895  -3.98143e-06
        101.9  -3.98171e-06
      101.905    -3.982e-06
       101.91  -3.98229e-06
      101.915  -3.98258e-06
       101.92  -3.98288e-06
      101.925  -3.98322e-06
       101.93  -3.98342e-06
      101.935   -3.9837e-06
       101.94  -3.98399e-06
      101.945  -3.98429e-06
       101.95  -3.98457e-06
      101.955  -3.98486e-06
       101.96  -3.98515e-06
      101.965  -3.98544e-06
       101.97  -3.98573e-06
      101.975  -3.98602e-06
       101.98  -3.98631e-06
      101.985  -3.98663e-06
       101.99  -3.98688e-06
      101.995  -3.98715e-06
          102  -3.98744e-06
      102.005  -3.98772e-06
       102.01    -3.988e-06
      102.015  -3.98829e-06
       102.02  -3.98858e-06
      102.025  -3.98886e-06
       102.03  -3.98915e-06
      102.035  -3.98944e-06
       102.04  -3.98972e-06
      102.045  -3.99002e-06
       102.05   -3.9903e-06
      102.055  -3.99059e-06
       102.06  -3.99088e-06
      102.065  -3.99116e-06
       102.07  -3.99145e-06
      102.075  -3.99174e-06
       102.08  -3.99202e-06
      102.085  -3.99231e-06
       102.09   -3.9926e-06
      102.095  -3.99288e-06
        102.1  -3.99318e-06
      102.105  -3.99345e-06
       102.11  -3.99375e-06
      102.115  -3.99403e-06
       102.12  -3.99431e-06
      102.125   -3.9946e-06
       102.13  -3.99489e-06
      102.135  -3.99517e-06
       102.14  -3.99546e-06
      102.145  -3.99575e-06
       102.15  -3.99603e-06
      102.155  -3.99632e-06
       102.16  -3.99661e-06
      102.165  -3.99689e-06
       102.17  -3.99718e-06
      102.175  -3.99746e-06
       102.18  -3.99776e-06
      102.185  -3.99803e-06
       102.19  -3.99832e-06
      102.195   -3.9986e-06
        102.2  -3.99889e-06
      102.205  -3.99917e-06
       102.21  -3.99946e-06
      102.215  -3.99975e-06
       102.22  -4.00003e-06
      102.225  -4.00032e-06
       102.23   -4.0006e-06
      102.235  -4.00089e-06
       102.24  -4.00117e-06
      102.245  -4.00146e-06
       102.25  -4.00174e-06
      102.255  -4.00203e-06
       102.26  -4.00231e-06
      102.265  -4.00259e-06
       102.27  -4.00288e-06
      102.275  -4.00316e-06
       102.28  -4.00345e-06
      102.285  -4.00373e-06
       102.29  -4.00402e-06
      102.295   -4.0043e-06
        102.3  -4.00459e-06
      102.305  -4.00487e-06
       102.31  -4.00516e-06
      102.315  -4.00544e-06
       102.32  -4.00572e-06
      102.325  -4.00601e-06
       102.33  -4.00629e-06
      102.335  -4.00658e-06
       102.34  -4.00686e-06
      102.345  -4.00715e-06
       102.35  -4.00743e-06
      102.355  -4.00771e-06
       102.36  -4.00799e-06
      102.365  -4.00828e-06
       102.37  -4.00856e-06
      102.375  -4.00884e-06
       102.38  -4.00913e-06
      102.385   -4.0094e-06
       102.39  -4.00969e-06
      102.395  -4.00998e-06
        102.4  -4.01027e-06
      102.405  -4.01055e-06
       102.41  -4.01083e-06
      102.415  -4.01112e-06
       102.42   -4.0114e-06
      102.425  -4.01168e-06
       102.43  -4.01196e-06
      102.435  -4.01225e-06
       102.44  -4.01253e-06
      102.445  -4.01282e-06
       102.45   -4.0131e-06
      102.455  -4.01338e-06
       102.46  -4.01366e-06
      102.465  -4.01395e-06
       102.47  -4.01422e-06
      102.475  -4.01451e-06
       102.48   -4.0148e-06
      102.485  -4.01508e-06
       102.49  -4.01537e-06
      102.495  -4.01565e-06
        102.5  -4.01593e-06
      102.505  -4.01621e-06
       102.51   -4.0165e-06
      102.515  -4.01678e-06
       102.52  -4.01706e-06
      102.525  -4.01734e-06
       102.53  -4.01762e-06
      102.535   -4.0179e-06
       102.54  -4.01819e-06
      102.545  -4.01848e-06
       102.55  -4.01876e-06
      102.555  -4.01904e-06
       102.56  -4.01932e-06
      102.565  -4.01961e-06
       102.57  -4.01989e-06
      102.575  -4.02017e-06
       102.58  -4.02045e-06
      102.585  -4.02073e-06
       102.59  -4.02101e-06
      102.595   -4.0213e-06
        102.6  -4.02158e-06
      102.605  -4.02186e-06
       102.61  -4.02214e-06
      102.615  -4.02243e-06
       102.62  -4.02271e-06
      102.625  -4.02299e-06
       102.63  -4.02327e-06
      102.635  -4.02356e-06
       102.64  -4.02384e-06
      102.645  -4.02412e-06
       102.65   -4.0244e-06
      102.655  -4.02468e-06
       102.66  -4.02496e-06
      102.665  -4.02525e-06
       102.67  -4.02553e-06
      102.675  -4.02581e-06
       102.68  -4.02609e-06
      102.685  -4.02637e-06
       102.69  -4.02666e-06
      102.695  -4.02694e-06
        102.7  -4.02722e-06
      102.705  -4.02751e-06
       102.71  -4.02779e-06
      102.715  -4.02807e-06
       102.72  -4.02835e-06
      102.725  -4.02864e-06
       102.73  -4.02892e-06
      102.735   -4.0292e-06
       102.74  -4.02949e-06
      102.745  -4.02978e-06
       102.75  -4.03006e-06
      102.755  -4.03036e-06
       102.76  -4.03065e-06
      102.765  -4.03095e-06
       102.77  -4.03126e-06
      102.775  -4.03164e-06
       102.78  -4.03226e-06
      102.785  -4.03204e-06
       102.79  -4.03235e-06
      102.795  -4.03286e-06
        102.8  -4.03288e-06
      102.805  -4.03304e-06
       102.81  -4.03331e-06
      102.815  -4.03358e-06
       102.82  -4.03386e-06
      102.825  -4.03415e-06
       102.83  -4.03443e-06
      102.835  -4.03471e-06
       102.84  -4.03499e-06
      102.845  -4.03528e-06
       102.85  -4.03555e-06
      102.855  -4.03584e-06
       102.86  -4.03611e-06
      102.865  -4.03639e-06
       102.87  -4.03668e-06
      102.875  -4.03695e-06
       102.88  -4.03725e-06
      102.885  -4.03753e-06
       102.89  -4.03782e-06
      102.895  -4.03811e-06
        102.9   -4.0384e-06
      102.905  -4.03869e-06
       102.91  -4.03895e-06
      102.915   -4.0392e-06
       102.92  -4.03946e-06
      102.925  -4.03973e-06
       102.93  -4.04002e-06
      102.935  -4.04031e-06
       102.94  -4.04061e-06
      102.945   -4.0409e-06
       102.95  -4.04119e-06
      102.955  -4.04149e-06
       102.96  -4.04179e-06
      102.965  -4.04211e-06
       102.97  -4.04245e-06
      102.975  -4.04288e-06
       102.98  -4.04406e-06
      102.985  -4.04321e-06
       102.99  -4.04332e-06
      102.995  -4.04357e-06
          103  -4.04382e-06
      103.005  -4.04408e-06
       103.01  -4.04433e-06
      103.015   -4.0446e-06
       103.02  -4.04487e-06
      103.025  -4.04515e-06
       103.03  -4.04543e-06
      103.035  -4.04572e-06
       103.04  -4.04601e-06
      103.045  -4.04628e-06
       103.05  -4.04657e-06
      103.055  -4.04685e-06
       103.06  -4.04712e-06
      103.065   -4.0474e-06
       103.07  -4.04768e-06
      103.075  -4.04796e-06
       103.08  -4.04824e-06
      103.085  -4.04851e-06
       103.09  -4.04879e-06
      103.095  -4.04907e-06
        103.1  -4.04935e-06
      103.105  -4.04963e-06
       103.11  -4.04991e-06
      103.115  -4.05019e-06
       103.12  -4.05047e-06
      103.125  -4.05074e-06
       103.13  -4.05102e-06
      103.135   -4.0513e-06
       103.14  -4.05157e-06
      103.145  -4.05186e-06
       103.15  -4.05213e-06
      103.155  -4.05241e-06
       103.16  -4.05269e-06
      103.165  -4.05296e-06
       103.17  -4.05324e-06
      103.175  -4.05352e-06
       103.18   -4.0538e-06
      103.185  -4.05407e-06
       103.19  -4.05435e-06
      103.195  -4.05462e-06
        103.2   -4.0549e-06
      103.205  -4.05518e-06
       103.21  -4.05546e-06
      103.215  -4.05573e-06
       103.22  -4.05601e-06
      103.225  -4.05629e-06
       103.23  -4.05656e-06
      103.235  -4.05684e-06
       103.24  -4.05712e-06
      103.245  -4.05739e-06
       103.25  -4.05767e-06
      103.255  -4.05794e-06
       103.26  -4.05822e-06
      103.265   -4.0585e-06
       103.27  -4.05877e-06
      103.275  -4.05905e-06
       103.28  -4.05932e-06
      103.285   -4.0596e-06
       103.29  -4.05988e-06
      103.295  -4.06015e-06
        103.3  -4.06043e-06
      103.305   -4.0607e-06
       103.31  -4.06098e-06
      103.315  -4.06125e-06
       103.32  -4.06153e-06
      103.325  -4.06181e-06
       103.33  -4.06208e-06
      103.335  -4.06236e-06
       103.34  -4.06263e-06
      103.345  -4.06291e-06
       103.35  -4.06318e-06
      103.355  -4.06346e-06
       103.36  -4.06373e-06
      103.365    -4.064e-06
       103.37  -4.06428e-06
      103.375  -4.06456e-06
       103.38  -4.06483e-06
      103.385   -4.0651e-06
       103.39  -4.06538e-06
      103.395  -4.06565e-06
        103.4  -4.06593e-06
      103.405   -4.0662e-06
       103.41  -4.06648e-06
      103.415  -4.06676e-06
       103.42  -4.06704e-06
      103.425  -4.06734e-06
       103.43  -4.06757e-06
      103.435  -4.06784e-06
       103.44  -4.06812e-06
      103.445  -4.06839e-06
       103.45  -4.06867e-06
      103.455  -4.06894e-06
       103.46  -4.06922e-06
      103.465  -4.06949e-06
       103.47  -4.06977e-06
      103.475  -4.07007e-06
       103.48  -4.07032e-06
      103.485  -4.07059e-06
       103.49  -4.07086e-06
      103.495  -4.07113e-06
        103.5   -4.0714e-06
      103.505  -4.07168e-06
       103.51  -4.07195e-06
      103.515  -4.07222e-06
       103.52   -4.0725e-06
      103.525  -4.07277e-06
       103.53  -4.07304e-06
      103.535  -4.07332e-06
       103.54   -4.0736e-06
      103.545  -4.07387e-06
       103.55  -4.07415e-06
      103.555  -4.07442e-06
       103.56  -4.07469e-06
      103.565  -4.07496e-06
       103.57  -4.07523e-06
      103.575  -4.07552e-06
       103.58  -4.07579e-06
      103.585  -4.07606e-06
       103.59  -4.07634e-06
      103.595  -4.07661e-06
        103.6  -4.07687e-06
      103.605  -4.07718e-06
       103.61  -4.07746e-06
      103.615  -4.07773e-06
       103.62  -4.07801e-06
      103.625   -4.0783e-06
       103.63  -4.07858e-06
      103.635  -4.07888e-06
       103.64  -4.07918e-06
      103.645  -4.07954e-06
       103.65  -4.08021e-06
      103.655  -4.08026e-06
       103.66  -4.08028e-06
      103.665  -4.08035e-06
       103.67   -4.0806e-06
      103.675  -4.08087e-06
       103.68  -4.08114e-06
      103.685   -4.0814e-06
       103.69  -4.08167e-06
      103.695  -4.08194e-06
        103.7  -4.08221e-06
      103.705  -4.08249e-06
       103.71  -4.08276e-06
      103.715  -4.08303e-06
       103.72  -4.08329e-06
      103.725  -4.08356e-06
       103.73  -4.08383e-06
      103.735  -4.08404e-06
       103.74  -4.08439e-06
      103.745  -4.08466e-06
       103.75  -4.08493e-06
      103.755   -4.0852e-06
       103.76  -4.08546e-06
      103.765   -4.0857e-06
       103.77  -4.08601e-06
      103.775  -4.08631e-06
       103.78  -4.08657e-06
      103.785  -4.08684e-06
       103.79  -4.08711e-06
      103.795  -4.08738e-06
        103.8  -4.08765e-06
      103.805  -4.08792e-06
       103.81  -4.08819e-06
      103.815  -4.08845e-06
       103.82  -4.08872e-06
      103.825  -4.08898e-06
       103.83  -4.08924e-06
      103.835  -4.08946e-06
       103.84  -4.08982e-06
      103.845  -4.09005e-06
       103.85  -4.09035e-06
      103.855  -4.09062e-06
       103.86  -4.09086e-06
      103.865  -4.09106e-06
       103.87  -4.09147e-06
      103.875  -4.09173e-06
       103.88    -4.092e-06
      103.885  -4.09228e-06
       103.89  -4.09254e-06
      103.895  -4.09282e-06
        103.9  -4.09308e-06
      103.905  -4.09335e-06
       103.91  -4.09362e-06
      103.915  -4.09389e-06
       103.92  -4.09416e-06
      103.925  -4.09443e-06
       103.93   -4.0947e-06
      103.935  -4.09497e-06
       103.94  -4.09524e-06
      103.945  -4.09551e-06
       103.95  -4.09578e-06
      103.955  -4.09605e-06
       103.96  -4.09632e-06
      103.965  -4.09659e-06
       103.97  -4.09685e-06
      103.975  -4.09712e-06
       103.98  -4.09739e-06
      103.985  -4.09766e-06
       103.99  -4.09793e-06
      103.995  -4.09819e-06
          104  -4.09845e-06
      104.005  -4.09874e-06
       104.01  -4.09901e-06
      104.015  -4.09927e-06
       104.02  -4.09954e-06
      104.025  -4.09981e-06
       104.03  -4.10008e-06
      104.035  -4.10035e-06
       104.04  -4.10061e-06
      104.045  -4.10089e-06
       104.05  -4.10115e-06
      104.055  -4.10142e-06
       104.06  -4.10169e-06
      104.065  -4.10196e-06
       104.07  -4.10223e-06
      104.075  -4.10249e-06
       104.08  -4.10276e-06
      104.085  -4.10303e-06
       104.09   -4.1033e-06
      104.095  -4.10356e-06
        104.1  -4.10383e-06
      104.105   -4.1041e-06
       104.11  -4.10437e-06
      104.115  -4.10463e-06
       104.12   -4.1049e-06
      104.125  -4.10517e-06
       104.13  -4.10543e-06
      104.135   -4.1057e-06
       104.14  -4.10597e-06
      104.145  -4.10625e-06
       104.15  -4.10651e-06
      104.155  -4.10678e-06
       104.16  -4.10705e-06
      104.165  -4.10731e-06
       104.17  -4.10758e-06
      104.175  -4.10785e-06
       104.18  -4.10811e-06
      104.185  -4.10838e-06
       104.19  -4.10865e-06
      104.195  -4.10891e-06
        104.2  -4.10918e-06
      104.205  -4.10944e-06
       104.21  -4.10971e-06
      104.215  -4.10998e-06
       104.22  -4.11025e-06
      104.225  -4.11051e-06
       104.23  -4.11077e-06
      104.235  -4.11104e-06
       104.24  -4.11131e-06
      104.245  -4.11158e-06
       104.25  -4.11184e-06
      104.255  -4.11211e-06
       104.26  -4.11237e-06
      104.265  -4.11264e-06
       104.27  -4.11291e-06
      104.275  -4.11317e-06
       104.28  -4.11344e-06
      104.285   -4.1137e-06
       104.29  -4.11397e-06
      104.295  -4.11423e-06
        104.3   -4.1145e-06
      104.305  -4.11477e-06
       104.31  -4.11503e-06
      104.315  -4.11529e-06
       104.32  -4.11556e-06
      104.325  -4.11583e-06
       104.33  -4.11609e-06
      104.335  -4.11637e-06
       104.34  -4.11663e-06
      104.345   -4.1169e-06
       104.35  -4.11716e-06
      104.355  -4.11743e-06
       104.36   -4.1177e-06
      104.365  -4.11796e-06
       104.37  -4.11822e-06
      104.375  -4.11849e-06
       104.38  -4.11875e-06
      104.385  -4.11902e-06
       104.39  -4.11928e-06
      104.395  -4.11955e-06
        104.4  -4.11981e-06
      104.405  -4.12008e-06
       104.41  -4.12034e-06
      104.415  -4.12061e-06
       104.42  -4.12088e-06
      104.425  -4.12114e-06
       104.43   -4.1214e-06
      104.435  -4.12167e-06
       104.44  -4.12193e-06
      104.445   -4.1222e-06
       104.45  -4.12247e-06
      104.455  -4.12273e-06
       104.46    -4.123e-06
      104.465  -4.12326e-06
       104.47  -4.12353e-06
      104.475   -4.1238e-06
       104.48  -4.12406e-06
      104.485  -4.12433e-06
       104.49   -4.1246e-06
      104.495  -4.12489e-06
        104.5  -4.12526e-06
      104.505  -4.12538e-06
       104.51  -4.12564e-06
      104.515  -4.12592e-06
       104.52  -4.12621e-06
      104.525  -4.12657e-06
       104.53  -4.12667e-06
      104.535  -4.12692e-06
       104.54  -4.12718e-06
      104.545  -4.12745e-06
       104.55  -4.12771e-06
      104.555  -4.12798e-06
       104.56  -4.12824e-06
      104.565  -4.12851e-06
       104.57  -4.12877e-06
      104.575  -4.12904e-06
       104.58   -4.1293e-06
      104.585  -4.12956e-06
       104.59  -4.12983e-06
      104.595  -4.13009e-06
        104.6  -4.13036e-06
      104.605  -4.13063e-06
       104.61  -4.13092e-06
      104.615  -4.13116e-06
       104.62  -4.13138e-06
      104.625  -4.13164e-06
       104.63  -4.13191e-06
      104.635  -4.13217e-06
       104.64  -4.13243e-06
      104.645  -4.13269e-06
       104.65  -4.13297e-06
      104.655  -4.13324e-06
       104.66   -4.1335e-06
      104.665  -4.13377e-06
       104.67  -4.13404e-06
      104.675  -4.13433e-06
       104.68  -4.13453e-06
      104.685  -4.13478e-06
       104.69  -4.13505e-06
      104.695  -4.13531e-06
        104.7  -4.13557e-06
      104.705  -4.13583e-06
       104.71  -4.13609e-06
      104.715  -4.13636e-06
       104.72  -4.13663e-06
      104.725  -4.13689e-06
       104.73  -4.13715e-06
      104.735  -4.13742e-06
       104.74  -4.13768e-06
      104.745  -4.13794e-06
       104.75   -4.1382e-06
      104.755  -4.13846e-06
       104.76  -4.13872e-06
      104.765  -4.13898e-06
       104.77  -4.13924e-06
      104.775   -4.1395e-06
       104.78  -4.13977e-06
      104.785  -4.14003e-06
       104.79  -4.14029e-06
      104.795  -4.14054e-06
        104.8  -4.14081e-06
      104.805  -4.14108e-06
       104.81  -4.14134e-06
      104.815   -4.1416e-06
       104.82  -4.14186e-06
      104.825  -4.14212e-06
       104.83  -4.14238e-06
      104.835  -4.14262e-06
       104.84   -4.1429e-06
      104.845  -4.14317e-06
       104.85  -4.14343e-06
      104.855  -4.14369e-06
       104.86  -4.14395e-06
      104.865   -4.1442e-06
       104.87  -4.14446e-06
      104.875  -4.14473e-06
       104.88  -4.14499e-06
      104.885  -4.14525e-06
       104.89  -4.14551e-06
      104.895  -4.14576e-06
        104.9  -4.14602e-06
      104.905   -4.1463e-06
       104.91  -4.14656e-06
      104.915  -4.14682e-06
       104.92  -4.14708e-06
      104.925  -4.14734e-06
       104.93   -4.1476e-06
      104.935  -4.14786e-06
       104.94  -4.14812e-06
      104.945  -4.14837e-06
       104.95  -4.14865e-06
      104.955  -4.14891e-06
       104.96  -4.14917e-06
      104.965  -4.14943e-06
       104.97  -4.14969e-06
      104.975  -4.14995e-06
       104.98  -4.15021e-06
      104.985  -4.15048e-06
       104.99  -4.15074e-06
      104.995  -4.15101e-06
          105  -4.15127e-06
      105.005  -4.15154e-06
       105.01  -4.15181e-06
      105.015  -4.15207e-06
       105.02  -4.15235e-06
      105.025  -4.15263e-06
       105.03  -4.15293e-06
      105.035  -4.15326e-06
       105.04  -4.15408e-06
      105.045  -4.15372e-06
       105.05   -4.1545e-06
      105.055  -4.15401e-06
       105.06  -4.15425e-06
      105.065   -4.1545e-06
       105.07  -4.15476e-06
      105.075  -4.15502e-06
       105.08  -4.15528e-06
      105.085  -4.15554e-06
       105.09   -4.1558e-06
      105.095  -4.15606e-06
        105.1  -4.15632e-06
      105.105  -4.15659e-06
       105.11  -4.15684e-06
      105.115   -4.1571e-06
       105.12  -4.15736e-06
      105.125  -4.15762e-06
       105.13  -4.15788e-06
      105.135  -4.15814e-06
       105.14   -4.1584e-06
      105.145  -4.15865e-06
       105.15  -4.15891e-06
      105.155  -4.15917e-06
       105.16  -4.15943e-06
      105.165  -4.15969e-06
       105.17  -4.15995e-06
      105.175  -4.16021e-06
       105.18  -4.16047e-06
      105.185  -4.16072e-06
       105.19  -4.16098e-06
      105.195  -4.16124e-06
        105.2   -4.1615e-06
      105.205  -4.16176e-06
       105.21  -4.16201e-06
      105.215  -4.16227e-06
       105.22  -4.16253e-06
      105.225  -4.16279e-06
       105.23  -4.16304e-06
      105.235   -4.1633e-06
       105.24  -4.16356e-06
      105.245  -4.16382e-06
       105.25  -4.16408e-06
      105.255  -4.16433e-06
       105.26  -4.16459e-06
      105.265  -4.16485e-06
       105.27   -4.1651e-06
      105.275  -4.16536e-06
       105.28  -4.16562e-06
      105.285  -4.16588e-06
       105.29  -4.16613e-06
      105.295  -4.16639e-06
        105.3  -4.16665e-06
      105.305   -4.1669e-06
       105.31  -4.16716e-06
      105.315  -4.16742e-06
       105.32  -4.16767e-06
      105.325  -4.16793e-06
       105.33  -4.16819e-06
      105.335  -4.16845e-06
       105.34   -4.1687e-06
      105.345  -4.16896e-06
       105.35  -4.16921e-06
      105.355  -4.16947e-06
       105.36  -4.16972e-06
      105.365  -4.16997e-06
       105.37  -4.17024e-06
      105.375  -4.17049e-06
       105.38  -4.17075e-06
      105.385  -4.17101e-06
       105.39  -4.17126e-06
      105.395  -4.17152e-06
        105.4  -4.17177e-06
      105.405  -4.17203e-06
       105.41  -4.17228e-06
      105.415  -4.17254e-06
       105.42   -4.1728e-06
      105.425  -4.17305e-06
       105.43  -4.17331e-06
      105.435  -4.17356e-06
       105.44  -4.17382e-06
      105.445  -4.17407e-06
       105.45  -4.17433e-06
      105.455  -4.17459e-06
       105.46  -4.17484e-06
      105.465   -4.1751e-06
       105.47  -4.17535e-06
      105.475  -4.17561e-06
       105.48  -4.17586e-06
      105.485  -4.17612e-06
       105.49  -4.17637e-06
      105.495  -4.17663e-06
        105.5  -4.17688e-06
      105.505  -4.17715e-06
       105.51  -4.17743e-06
      105.515  -4.17764e-06
       105.52  -4.17788e-06
      105.525  -4.17814e-06
       105.53  -4.17839e-06
      105.535  -4.17865e-06
       105.54   -4.1789e-06
      105.545  -4.17915e-06
       105.55  -4.17941e-06
      105.555  -4.17966e-06
       105.56   -4.1799e-06
      105.565  -4.18011e-06
       105.57  -4.18044e-06
      105.575  -4.18069e-06
       105.58  -4.18093e-06
      105.585  -4.18116e-06
       105.59  -4.18136e-06
      105.595  -4.18171e-06
        105.6  -4.18197e-06
      105.605  -4.18223e-06
       105.61  -4.18248e-06
      105.615  -4.18274e-06
       105.62  -4.18299e-06
      105.625  -4.18325e-06
       105.63   -4.1835e-06
      105.635  -4.18375e-06
       105.64  -4.18401e-06
      105.645  -4.18426e-06
       105.65  -4.18451e-06
      105.655  -4.18476e-06
       105.66  -4.18502e-06
      105.665  -4.18527e-06
       105.67  -4.18552e-06
      105.675  -4.18578e-06
       105.68  -4.18603e-06
      105.685  -4.18628e-06
       105.69  -4.18653e-06
      105.695  -4.18679e-06
        105.7  -4.18704e-06
      105.705   -4.1873e-06
       105.71  -4.18754e-06
      105.715   -4.1878e-06
       105.72  -4.18805e-06
      105.725   -4.1883e-06
       105.73  -4.18855e-06
      105.735  -4.18881e-06
       105.74  -4.18906e-06
      105.745  -4.18931e-06
       105.75  -4.18957e-06
      105.755  -4.18982e-06
       105.76  -4.19007e-06
      105.765  -4.19032e-06
       105.77  -4.19057e-06
      105.775  -4.19082e-06
       105.78  -4.19107e-06
      105.785  -4.19133e-06
       105.79  -4.19157e-06
      105.795  -4.19182e-06
        105.8  -4.19208e-06
      105.805  -4.19233e-06
       105.81  -4.19258e-06
      105.815  -4.19283e-06
       105.82  -4.19307e-06
      105.825  -4.19335e-06
       105.83   -4.1936e-06
      105.835  -4.19385e-06
       105.84   -4.1941e-06
      105.845  -4.19435e-06
       105.85   -4.1946e-06
      105.855  -4.19485e-06
       105.86   -4.1951e-06
      105.865  -4.19534e-06
       105.87   -4.1956e-06
      105.875  -4.19585e-06
       105.88  -4.19611e-06
      105.885  -4.19636e-06
       105.89  -4.19661e-06
      105.895  -4.19686e-06
        105.9  -4.19712e-06
      105.905  -4.19736e-06
       105.91  -4.19761e-06
      105.915  -4.19787e-06
       105.92  -4.19812e-06
      105.925  -4.19837e-06
       105.93  -4.19862e-06
      105.935  -4.19887e-06
       105.94  -4.19912e-06
      105.945  -4.19937e-06
       105.95  -4.19962e-06
      105.955  -4.19987e-06
       105.96  -4.20013e-06
      105.965  -4.20037e-06
       105.97  -4.20063e-06
      105.975  -4.20088e-06
       105.98  -4.20112e-06
      105.985  -4.20137e-06
       105.99  -4.20163e-06
      105.995  -4.20187e-06
          106  -4.20212e-06
      106.005  -4.20237e-06
       106.01  -4.20262e-06
      106.015  -4.20287e-06
       106.02  -4.20312e-06
      106.025  -4.20337e-06
       106.03  -4.20363e-06
      106.035  -4.20387e-06
       106.04  -4.20412e-06
      106.045  -4.20437e-06
       106.05  -4.20462e-06
      106.055  -4.20487e-06
       106.06  -4.20512e-06
      106.065  -4.20537e-06
       106.07  -4.20562e-06
      106.075  -4.20587e-06
       106.08  -4.20614e-06
      106.085  -4.20639e-06
       106.09  -4.20664e-06
      106.095  -4.20688e-06
        106.1  -4.20713e-06
      106.105  -4.20737e-06
       106.11  -4.20763e-06
      106.115  -4.20788e-06
       106.12  -4.20813e-06
      106.125  -4.20838e-06
       106.13  -4.20863e-06
      106.135  -4.20888e-06
       106.14  -4.20913e-06
      106.145  -4.20938e-06
       106.15  -4.20962e-06
      106.155  -4.20987e-06
       106.16  -4.21012e-06
      106.165  -4.21037e-06
       106.17  -4.21062e-06
      106.175  -4.21087e-06
       106.18  -4.21113e-06
      106.185  -4.21138e-06
       106.19  -4.21163e-06
      106.195  -4.21189e-06
        106.2  -4.21213e-06
      106.205  -4.21238e-06
       106.21  -4.21263e-06
      106.215  -4.21288e-06
       106.22  -4.21313e-06
      106.225  -4.21337e-06
       106.23  -4.21362e-06
      106.235  -4.21386e-06
       106.24  -4.21412e-06
      106.245  -4.21437e-06
       106.25  -4.21461e-06
      106.255  -4.21486e-06
       106.26  -4.21511e-06
      106.265  -4.21536e-06
       106.27   -4.2156e-06
      106.275  -4.21585e-06
       106.28   -4.2161e-06
      106.285  -4.21634e-06
       106.29  -4.21665e-06
      106.295   -4.2169e-06
        106.3  -4.21713e-06
      106.305  -4.21737e-06
       106.31  -4.21762e-06
      106.315  -4.21786e-06
       106.32   -4.2181e-06
      106.325  -4.21835e-06
       106.33   -4.2186e-06
      106.335  -4.21886e-06
       106.34   -4.2191e-06
      106.345  -4.21935e-06
       106.35   -4.2196e-06
      106.355  -4.21984e-06
       106.36  -4.22009e-06
      106.365  -4.22033e-06
       106.37  -4.22058e-06
      106.375  -4.22082e-06
       106.38  -4.22106e-06
      106.385  -4.22132e-06
       106.39   -4.2216e-06
      106.395  -4.22185e-06
        106.4   -4.2221e-06
      106.405  -4.22235e-06
       106.41   -4.2226e-06
      106.415  -4.22284e-06
       106.42  -4.22309e-06
      106.425  -4.22333e-06
       106.43  -4.22358e-06
      106.435  -4.22382e-06
       106.44  -4.22406e-06
      106.445  -4.22431e-06
       106.45  -4.22455e-06
      106.455   -4.2248e-06
       106.46  -4.22504e-06
      106.465  -4.22529e-06
       106.47  -4.22554e-06
      106.475  -4.22578e-06
       106.48  -4.22602e-06
      106.485  -4.22627e-06
       106.49  -4.22652e-06
      106.495  -4.22676e-06
        106.5  -4.22701e-06
      106.505  -4.22725e-06
       106.51   -4.2275e-06
      106.515  -4.22774e-06
       106.52  -4.22799e-06
      106.525  -4.22823e-06
       106.53  -4.22848e-06
      106.535  -4.22872e-06
       106.54  -4.22897e-06
      106.545  -4.22921e-06
       106.55  -4.22946e-06
      106.555   -4.2297e-06
       106.56  -4.22995e-06
      106.565  -4.23019e-06
       106.57  -4.23044e-06
      106.575  -4.23068e-06
       106.58  -4.23093e-06
      106.585  -4.23117e-06
       106.59  -4.23142e-06
      106.595  -4.23166e-06
        106.6  -4.23191e-06
      106.605  -4.23216e-06
       106.61   -4.2324e-06
