/*--------------------------------*- C++ -*----------------------------------*\
| =========                 |                                                 |
| \\      /  F ield         | foam-extend: Open Source CFD                    |
|  \\    /   O peration     | Version:     4.0                                |
|   \\  /    A nd           | Web:         http://www.foam-extend.org         |
|    \\/     M anipulation  |                                                 |
\*---------------------------------------------------------------------------*/
FoamFile
{
    version     2.0;
    format      ascii;
    class       faceSet;
    location    "constant/polyMesh/sets";
    object      skewFaces;
}
// * * * * * * * * * * * * * * * * * * * * * * * * * * * * * * * * * * * * * //


436
(
118800 
118801 
118802 
118803 
118804 
118805 
118806 
118807 
118808 
118809 
118810 
118811 
118812 
118813 
118814 
118815 
118860 
118861 
118862 
118863 
118864 
118865 
118866 
118867 
118868 
118869 
118870 
118871 
118872 
118873 
118874 
118875 
118876 
118920 
118921 
118922 
118923 
118924 
118925 
118926 
118927 
118928 
118929 
118930 
118931 
118932 
118933 
118934 
118935 
118936 
118937 
118938 
118980 
118981 
118982 
118983 
118984 
118985 
118986 
118987 
118988 
118989 
118990 
118991 
118992 
118993 
118994 
118995 
118996 
118997 
118998 
118999 
119000 
119040 
119041 
119042 
119043 
119044 
119045 
119046 
119047 
119048 
119049 
119050 
119051 
119052 
119053 
119054 
119055 
119056 
119057 
119058 
119059 
119060 
119061 
119062 
119100 
119101 
119102 
119103 
119104 
119105 
119106 
119107 
119108 
119109 
119110 
119111 
119112 
119113 
119114 
119115 
119116 
119117 
119118 
119119 
119120 
119121 
119122 
119123 
119160 
119161 
119162 
119163 
119164 
119165 
119166 
119167 
119168 
119169 
119170 
119171 
119172 
119173 
119174 
119175 
119176 
119177 
119178 
119179 
119180 
119181 
119182 
119183 
119184 
119185 
119220 
119221 
119222 
119223 
119224 
119225 
119226 
119227 
119228 
119229 
119230 
119231 
119232 
119233 
119234 
119235 
119236 
119237 
119238 
119239 
119240 
119241 
119242 
119243 
119244 
119245 
119246 
122040 
122100 
122101 
122102 
122103 
122160 
122161 
122162 
122163 
122164 
122165 
122166 
122220 
122221 
122222 
122223 
122224 
122225 
122226 
122227 
122228 
122280 
122281 
122282 
122283 
122284 
122285 
122286 
122287 
122288 
122289 
122290 
122340 
122341 
122342 
122343 
122344 
122345 
122346 
122347 
122348 
122349 
122350 
122351 
122352 
122400 
122401 
122402 
122403 
122404 
122405 
122406 
122407 
122408 
122409 
122410 
122411 
122412 
122413 
122414 
122415 
122460 
122461 
122462 
122463 
122464 
122465 
122466 
122467 
122468 
122469 
122470 
122471 
122472 
122473 
122474 
122475 
122476 
122520 
122521 
122522 
122523 
122524 
122525 
122526 
122527 
122528 
122529 
122530 
122531 
122532 
122533 
122534 
122535 
122536 
118440 
122537 
122538 
122580 
122581 
122582 
122583 
122584 
122585 
122586 
122587 
122588 
122589 
122590 
122591 
122592 
122593 
122594 
122595 
122596 
118500 
122597 
118501 
122598 
118502 
122599 
118503 
122600 
122640 
122641 
122642 
122643 
122644 
122645 
122646 
122647 
122648 
122649 
122650 
122651 
122652 
122653 
122654 
122655 
122656 
118560 
122657 
118561 
122658 
118562 
122659 
118563 
122660 
118564 
122661 
118565 
122662 
118566 
122700 
122701 
122702 
122703 
122704 
122705 
122706 
122707 
122708 
122709 
122710 
122711 
122712 
122713 
122714 
122715 
122716 
118620 
122717 
118621 
122718 
118622 
122719 
118623 
122720 
118624 
122721 
118625 
122722 
118626 
122723 
118627 
118628 
122760 
122761 
122762 
122763 
122764 
122765 
122766 
122767 
122768 
122769 
122770 
122771 
122772 
122773 
122774 
122775 
122776 
118680 
122777 
118681 
122778 
118682 
122779 
118683 
122780 
118684 
122781 
118685 
122782 
118686 
122783 
118687 
122784 
118688 
122785 
118689 
118690 
122820 
122821 
122822 
122823 
122824 
122825 
122826 
122827 
122828 
122829 
122830 
122831 
122832 
122833 
122834 
122835 
122836 
118740 
122837 
118741 
122838 
118742 
122839 
118743 
122840 
118744 
122841 
118745 
122842 
118746 
122843 
118747 
122844 
118748 
122845 
118749 
122846 
118750 
118751 
118752 
)

// ************************************************************************* //
